# 7721
30
28
31
50
201
63
120
49
186
170
223
23
203
107
8
121
111
73
184
149
181
3
4
25
129
105
92
194
115
209
0
57
96
154
176
219
51
152
84
133
143
58
200
198
119
46
170
119
190
180
27
128
238
127
31
31
131
80
117
176
230
113
22
125
181
77
185
8
107
209
219
88
187
138
169
214
145
159
233
176
154
72
229
225
133
-1
-1
-1
-1
-1
-1
-1
-1
-1
-1
-1
-1
30
28
31
50
201
63
120
49
186
170
223
23
203
107
8
121
111
73
184
149
181
3
4
25
129
105
92
194
115
209
0
57
96
154
176
219
51
152
84
133
143
58
200
198
119
46
170
119
190
180
27
128
238
127
31
31
131
80
117
176
230
113
22
125
181
77
185
8
107
209
219
88
187
138
169
214
145
159
233
176
154
72
229
225
133
-1
-1
-1
-1
-1
-1
-1
-1
-1
-1
-1
103
223
151
191
29
70
88
2
143
126
137
68
98
19
29
138
102
164
191
197
26
66
139
134
101
93
128
146
60
61
16
96
213
158
189
122
190
165
197
168
198
10
68
55
104
76
188
46
220
13
69
78
79
63
104
166
78
164
139
69
31
136
47
150
206
166
46
207
91
239
227
120
133
179
125
71
59
121
116
203
101
60
155
97
101
-1
-1
-1
-1
-1
-1
-1
-1
-1
-1
-1
-1
103
223
151
191
29
70
88
2
143
126
137
68
98
19
29
138
102
164
191
197
26
66
139
134
101
93
128
146
60
61
16
96
213
158
189
122
190
165
197
168
198
10
68
55
104
76
188
46
220
13
69
78
79
63
104
166
78
164
139
69
31
136
47
150
206
166
46
207
91
239
227
120
133
179
125
71
59
121
116
203
101
60
155
97
101
-1
-1
-1
-1
-1
-1
-1
-1
-1
-1
-1
13
103
147
197
234
28
87
53
159
166
160
179
193
155
32
149
206
216
89
19
36
110
223
29
5
176
43
198
119
234
156
160
191
119
110
30
172
29
234
193
199
121
218
153
18
40
168
51
126
58
238
97
58
144
140
117
76
177
147
196
167
63
92
194
195
114
131
122
162
222
30
150
236
118
137
150
16
229
26
155
163
174
36
135
158
69
89
92
46
-1
-1
-1
-1
-1
-1
-1
-1
13
103
147
197
234
28
87
53
159
166
160
179
193
155
32
149
206
216
89
19
36
110
223
29
5
176
43
198
119
234
156
160
191
119
110
30
172
29
234
193
199
121
218
153
18
40
168
51
126
58
238
97
58
144
140
117
76
177
147
196
167
63
92
194
195
114
131
122
162
222
30
150
236
118
137
150
16
229
26
155
163
174
36
135
158
69
89
92
46
-1
-1
-1
-1
-1
-1
-1
24
112
89
36
40
82
172
1
33
113
163
227
145
146
143
193
112
145
191
237
231
191
210
32
163
12
119
184
239
123
151
151
46
29
118
181
206
47
23
226
36
66
69
124
130
180
167
206
56
174
77
221
127
202
29
185
160
68
135
139
25
184
236
30
156
237
203
19
189
112
199
43
161
71
120
185
163
124
57
-1
-1
-1
-1
-1
-1
-1
-1
-1
-1
-1
-1
-1
-1
-1
-1
-1
-1
24
112
89
36
40
82
172
1
33
113
163
227
145
146
143
193
112
145
191
237
231
191
210
32
163
12
119
184
239
123
151
151
46
29
118
181
206
47
23
226
36
66
69
124
130
180
167
206
56
174
77
221
127
202
29
185
160
68
135
139
25
184
236
30
156
237
203
19
189
112
199
43
161
71
120
185
163
124
57
-1
-1
-1
-1
-1
-1
-1
-1
-1
-1
-1
-1
-1
-1
-1
-1
-1
43
8
192
80
119
127
34
215
4
225
41
80
239
222
2
8
14
205
231
238
16
196
135
40
22
51
36
26
175
198
139
47
33
29
149
149
127
109
114
131
140
231
166
43
95
185
163
180
127
167
235
84
132
138
11
200
141
51
54
75
25
167
168
116
185
237
70
122
34
131
136
25
66
131
193
142
92
95
1
21
47
57
78
145
107
14
82
208
201
10
72
66
197
-1
-1
-1
-1
43
8
192
80
119
127
34
215
4
225
41
80
239
222
2
8
14
205
231
238
16
196
135
40
22
51
36
26
175
198
139
47
33
29
149
149
127
109
114
131
140
231
166
43
95
185
163
180
127
167
235
84
132
138
11
200
141
51
54
75
25
167
168
116
185
237
70
122
34
131
136
25
66
131
193
142
92
95
1
21
47
57
78
145
107
14
82
208
201
10
72
66
197
-1
-1
-1
163
227
165
15
35
110
148
33
219
164
27
128
216
24
67
11
119
35
159
69
64
119
227
143
79
123
22
211
199
229
109
181
17
27
153
131
225
118
127
223
181
170
88
115
183
150
229
76
237
92
144
97
15
77
79
8
66
42
117
122
112
40
196
136
186
1
195
21
152
166
223
237
59
202
181
8
13
182
173
148
124
46
152
100
-1
-1
-1
-1
-1
-1
-1
-1
-1
-1
-1
-1
-1
163
227
165
15
35
110
148
33
219
164
27
128
216
24
67
11
119
35
159
69
64
119
227
143
79
123
22
211
199
229
109
181
17
27
153
131
225
118
127
223
181
170
88
115
183
150
229
76
237
92
144
97
15
77
79
8
66
42
117
122
112
40
196
136
186
1
195
21
152
166
223
237
59
202
181
8
13
182
173
148
124
46
152
100
-1
-1
-1
-1
-1
-1
-1
-1
-1
-1
-1
-1
215
32
211
59
130
20
47
21
199
55
153
87
58
97
26
149
175
97
163
101
234
225
102
74
217
167
159
30
84
211
54
27
92
19
185
91
21
69
121
155
165
119
0
133
127
30
73
20
195
209
163
174
24
230
32
153
159
95
229
222
60
125
11
163
105
230
226
59
86
159
70
22
211
136
213
163
95
92
27
140
176
-1
-1
-1
-1
-1
-1
-1
-1
-1
-1
-1
-1
-1
-1
-1
-1
215
32
211
59
130
20
47
21
199
55
153
87
58
97
26
149
175
97
163
101
234
225
102
74
217
167
159
30
84
211
54
27
92
19
185
91
21
69
121
155
165
119
0
133
127
30
73
20
195
209
163
174
24
230
32
153
159
95
229
222
60
125
11
163
105
230
226
59
86
159
70
22
211
136
213
163
95
92
27
140
176
-1
-1
-1
-1
-1
-1
-1
-1
-1
-1
-1
-1
-1
-1
-1
103
211
27
202
172
135
106
237
229
123
25
37
183
217
69
228
179
57
213
225
170
140
228
228
227
32
95
180
190
99
11
161
217
24
199
172
40
133
109
137
209
19
155
183
134
133
30
234
49
218
223
8
44
142
188
48
169
97
44
170
149
91
163
237
11
58
223
71
123
165
8
110
57
32
207
224
1
66
221
57
182
161
54
210
86
208
20
93
0
128
71
153
176
208
143
21
-1
103
211
27
202
172
135
106
237
229
123
25
37
183
217
69
228
179
57
213
225
170
140
228
228
227
32
95
180
190
99
11
161
217
24
199
172
40
133
109
137
209
19
155
183
134
133
30
234
49
218
223
8
44
142
188
48
169
97
44
170
149
91
163
237
11
58
223
71
123
165
8
110
57
32
207
224
1
66
221
57
182
161
54
210
86
208
20
93
0
128
71
153
176
208
143
21
16
46
208
138
154
171
6
91
210
186
40
210
64
26
203
218
239
111
197
123
155
190
137
149
75
91
155
101
11
220
94
182
195
77
90
37
107
133
137
40
30
27
34
229
139
19
5
216
72
162
12
180
162
56
29
22
171
229
176
238
205
77
49
113
20
73
205
159
96
215
158
174
0
121
186
78
192
128
120
39
130
192
12
70
162
201
90
133
-1
-1
-1
-1
-1
-1
-1
-1
-1
16
46
208
138
154
171
6
91
210
186
40
210
64
26
203
218
239
111
197
123
155
190
137
149
75
91
155
101
11
220
94
182
195
77
90
37
107
133
137
40
30
27
34
229
139
19
5
216
72
162
12
180
162
56
29
22
171
229
176
238
205
77
49
113
20
73
205
159
96
215
158
174
0
121
186
78
192
128
120
39
130
192
12
70
162
201
90
133
-1
-1
-1
-1
-1
-1
-1
-1
22
84
54
20
40
208
142
157
23
203
30
153
133
108
112
104
101
122
62
103
51
153
190
176
105
101
219
109
65
118
220
171
155
63
166
36
193
161
111
229
13
215
211
114
147
50
105
208
37
40
162
6
199
149
117
181
232
181
98
217
238
112
26
8
43
128
47
134
236
141
27
9
79
0
26
99
88
223
130
93
164
-1
-1
-1
-1
-1
-1
-1
-1
-1
-1
-1
-1
-1
-1
-1
-1
22
84
54
20
40
208
142
157
23
203
30
153
133
108
112
104
101
122
62
103
51
153
190
176
105
101
219
109
65
118
220
171
155
63
166
36
193
161
111
229
13
215
211
114
147
50
105
208
37
40
162
6
199
149
117
181
232
181
98
217
238
112
26
8
43
128
47
134
236
141
27
9
79
0
26
99
88
223
130
93
164
-1
-1
-1
-1
-1
-1
-1
-1
-1
-1
-1
-1
-1
-1
-1
20
133
59
150
2
13
119
96
203
135
8
178
114
74
114
60
211
13
88
183
198
154
144
183
108
112
22
223
219
199
34
206
174
91
139
8
191
201
98
33
13
72
217
223
216
148
150
195
22
134
207
199
72
1
23
68
42
193
92
91
98
34
72
186
53
28
-1
-1
-1
-1
-1
-1
-1
-1
-1
-1
-1
-1
-1
-1
-1
-1
-1
-1
-1
-1
-1
-1
-1
-1
-1
-1
-1
-1
-1
-1
-1
20
133
59
150
2
13
119
96
203
135
8
178
114
74
114
60
211
13
88
183
198
154
144
183
108
112
22
223
219
199
34
206
174
91
139
8
191
201
98
33
13
72
217
223
216
148
150
195
22
134
207
199
72
1
23
68
42
193
92
91
98
34
72
186
53
28
-1
-1
-1
-1
-1
-1
-1
-1
-1
-1
-1
-1
-1
-1
-1
-1
-1
-1
-1
-1
-1
-1
-1
-1
-1
-1
-1
-1
-1
-1
16
66
106
4
101
20
142
81
2
170
232
87
198
33
71
179
108
15
202
123
10
108
124
52
48
61
204
107
15
64
37
20
159
162
235
186
193
129
167
199
181
192
18
233
221
16
221
112
182
54
53
229
185
10
197
215
237
135
188
8
3
149
184
162
239
230
185
56
160
144
19
31
191
70
82
124
48
169
29
107
192
70
221
223
152
173
83
77
212
-1
-1
-1
-1
-1
-1
-1
-1
16
66
106
4
101
20
142
81
2
170
232
87
198
33
71
179
108
15
202
123
10
108
124
52
48
61
204
107
15
64
37
20
159
162
235
186
193
129
167
199
181
192
18
233
221
16
221
112
182
54
53
229
185
10
197
215
237
135
188
8
3
149
184
162
239
230
185
56
160
144
19
31
191
70
82
124
48
169
29
107
192
70
221
223
152
173
83
77
212
-1
-1
-1
-1
-1
-1
-1
32
28
155
149
59
181
23
218
78
229
122
32
198
109
213
136
228
129
179
5
145
238
159
65
3
28
237
56
179
131
188
68
170
129
152
169
211
215
188
137
176
172
43
16
102
188
13
56
74
194
118
35
3
130
214
52
222
102
198
193
191
2
112
122
199
133
76
127
42
38
183
85
66
48
228
43
2
126
-1
-1
-1
-1
-1
-1
-1
-1
-1
-1
-1
-1
-1
-1
-1
-1
-1
-1
-1
32
28
155
149
59
181
23
218
78
229
122
32
198
109
213
136
228
129
179
5
145
238
159
65
3
28
237
56
179
131
188
68
170
129
152
169
211
215
188
137
176
172
43
16
102
188
13
56
74
194
118
35
3
130
214
52
222
102
198
193
191
2
112
122
199
133
76
127
42
38
183
85
66
48
228
43
2
126
-1
-1
-1
-1
-1
-1
-1
-1
-1
-1
-1
-1
-1
-1
-1
-1
-1
-1
38
58
6
39
12
181
22
12
230
169
129
128
130
181
104
133
52
71
52
66
10
29
34
150
193
108
73
112
238
47
19
32
80
222
133
17
119
223
79
111
189
167
166
120
70
160
164
216
143
210
68
93
132
89
226
129
26
200
197
31
171
42
208
111
169
233
17
24
160
45
70
131
201
124
156
160
6
98
211
-1
-1
-1
-1
-1
-1
-1
-1
-1
-1
-1
-1
-1
-1
-1
-1
-1
-1
38
58
6
39
12
181
22
12
230
169
129
128
130
181
104
133
52
71
52
66
10
29
34
150
193
108
73
112
238
47
19
32
80
222
133
17
119
223
79
111
189
167
166
120
70
160
164
216
143
210
68
93
132
89
226
129
26
200
197
31
171
42
208
111
169
233
17
24
160
45
70
131
201
124
156
160
6
98
211
-1
-1
-1
-1
-1
-1
-1
-1
-1
-1
-1
-1
-1
-1
-1
-1
-1
223
211
149
51
182
23
34
170
198
143
59
10
68
9
89
226
238
150
220
180
8
117
27
192
206
31
79
150
223
103
55
165
12
184
163
132
212
36
83
131
109
223
91
210
92
10
119
54
179
69
1
69
23
132
22
35
210
63
107
49
78
165
82
231
160
224
172
29
227
159
237
11
32
111
200
56
93
121
74
33
138
-1
-1
-1
-1
-1
-1
-1
-1
-1
-1
-1
-1
-1
-1
-1
-1
223
211
149
51
182
23
34
170
198
143
59
10
68
9
89
226
238
150
220
180
8
117
27
192
206
31
79
150
223
103
55
165
12
184
163
132
212
36
83
131
109
223
91
210
92
10
119
54
179
69
1
69
23
132
22
35
210
63
107
49
78
165
82
231
160
224
172
29
227
159
237
11
32
111
200
56
93
121
74
33
138
-1
-1
-1
-1
-1
-1
-1
-1
-1
-1
-1
-1
-1
-1
-1
22
131
121
178
119
100
92
223
164
231
135
56
18
210
226
20
90
30
135
84
46
216
212
239
194
50
217
145
29
163
109
21
138
71
134
70
182
85
173
6
74
231
20
58
0
179
150
57
49
122
91
163
13
103
189
10
39
131
3
205
7
149
9
90
187
133
10
227
31
171
158
133
74
175
109
28
214
-1
-1
-1
-1
-1
-1
-1
-1
-1
-1
-1
-1
-1
-1
-1
-1
-1
-1
-1
-1
22
131
121
178
119
100
92
223
164
231
135
56
18
210
226
20
90
30
135
84
46
216
212
239
194
50
217
145
29
163
109
21
138
71
134
70
182
85
173
6
74
231
20
58
0
179
150
57
49
122
91
163
13
103
189
10
39
131
3
205
7
149
9
90
187
133
10
227
31
171
158
133
74
175
109
28
214
-1
-1
-1
-1
-1
-1
-1
-1
-1
-1
-1
-1
-1
-1
-1
-1
-1
-1
-1
38
26
230
86
2
109
116
81
157
131
41
42
232
72
156
217
160
193
144
29
39
43
6
148
223
148
10
235
209
128
163
32
148
40
173
132
207
88
139
44
150
26
61
98
176
16
73
149
88
176
123
141
89
143
214
5
147
190
93
133
161
6
161
23
95
47
193
148
221
160
66
129
143
180
149
49
78
216
123
67
131
231
150
157
51
-1
-1
-1
-1
-1
-1
-1
-1
-1
-1
-1
-1
38
26
230
86
2
109
116
81
157
131
41
42
232
72
156
217
160
193
144
29
39
43
6
148
223
148
10
235
209
128
163
32
148
40
173
132
207
88
139
44
150
26
61
98
176
16
73
149
88
176
123
141
89
143
214
5
147
190
93
133
161
6
161
23
95
47
193
148
221
160
66
129
143
180
149
49
78
216
123
67
131
231
150
157
51
-1
-1
-1
-1
-1
-1
-1
-1
-1
-1
-1
223
22
49
181
142
214
37
105
209
191
103
170
135
121
26
17
6
131
61
52
42
145
231
86
89
185
197
172
21
155
81
5
112
148
11
169
15
229
236
184
216
103
86
14
158
151
228
10
19
150
216
54
31
186
187
39
162
161
48
205
142
131
236
106
137
31
232
1
0
90
34
129
211
158
193
189
27
167
21
29
10
160
210
48
74
157
204
179
133
166
-1
-1
-1
-1
-1
-1
-1
223
22
49
181
142
214
37
105
209
191
103
170
135
121
26
17
6
131
61
52
42
145
231
86
89
185
197
172
21
155
81
5
112
148
11
169
15
229
236
184
216
103
86
14
158
151
228
10
19
150
216
54
31
186
187
39
162
161
48
205
142
131
236
106
137
31
232
1
0
90
34
129
211
158
193
189
27
167
21
29
10
160
210
48
74
157
204
179
133
166
-1
-1
-1
-1
-1
-1
73
161
29
149
17
26
179
172
157
69
239
165
224
141
204
141
99
109
107
224
23
234
222
25
174
215
193
28
192
215
122
188
29
199
162
42
145
127
136
72
48
207
149
170
122
42
98
132
17
177
30
201
18
235
111
158
20
172
98
119
1
174
102
92
223
193
129
235
151
4
86
20
171
157
65
175
20
127
220
111
212
133
142
16
185
15
184
122
-1
-1
-1
-1
-1
-1
-1
-1
-1
73
161
29
149
17
26
179
172
157
69
239
165
224
141
204
141
99
109
107
224
23
234
222
25
174
215
193
28
192
215
122
188
29
199
162
42
145
127
136
72
48
207
149
170
122
42
98
132
17
177
30
201
18
235
111
158
20
172
98
119
1
174
102
92
223
193
129
235
151
4
86
20
171
157
65
175
20
127
220
111
212
133
142
16
185
15
184
122
-1
-1
-1
-1
-1
-1
-1
-1
103
175
43
233
184
27
200
59
13
45
227
57
37
216
200
113
26
195
199
92
1
139
19
4
136
111
92
81
48
31
170
8
144
25
9
123
121
230
179
234
199
4
20
125
25
142
205
42
209
29
89
29
103
151
203
72
169
2
131
84
237
152
154
209
67
23
39
93
157
237
134
121
64
234
119
66
174
132
171
216
193
42
196
163
175
11
-1
-1
-1
-1
-1
-1
-1
-1
-1
-1
-1
103
175
43
233
184
27
200
59
13
45
227
57
37
216
200
113
26
195
199
92
1
139
19
4
136
111
92
81
48
31
170
8
144
25
9
123
121
230
179
234
199
4
20
125
25
142
205
42
209
29
89
29
103
151
203
72
169
2
131
84
237
152
154
209
67
23
39
93
157
237
134
121
64
234
119
66
174
132
171
216
193
42
196
163
175
11
-1
-1
-1
-1
-1
-1
-1
-1
-1
-1
-1
30
28
31
50
201
63
120
49
186
170
223
23
203
107
8
121
111
73
184
149
181
3
4
25
129
105
92
194
115
209
0
57
96
154
176
219
51
152
84
133
143
58
200
198
119
46
170
119
190
180
27
128
238
127
31
31
131
80
117
176
230
113
22
125
181
77
185
8
107
209
219
88
187
138
169
214
145
159
233
176
154
72
229
225
133
-1
-1
-1
-1
-1
-1
-1
-1
-1
-1
-1
-1
30
28
31
50
201
63
120
49
186
170
223
23
203
107
8
121
111
73
184
149
181
3
4
25
129
105
92
194
115
209
0
57
96
154
176
219
51
152
84
133
143
58
200
198
119
46
170
119
190
180
27
128
238
127
31
31
131
80
117
176
230
113
22
125
181
77
185
8
107
209
219
88
187
138
169
214
145
159
233
176
154
72
229
225
133
-1
-1
-1
-1
-1
-1
-1
-1
-1
-1
-1
103
223
151
191
29
70
88
2
143
126
137
68
98
19
29
138
102
164
191
197
26
66
139
134
101
93
128
146
60
61
16
96
213
158
189
122
190
165
197
168
198
10
68
55
104
76
188
46
220
13
69
78
79
63
104
166
78
164
139
69
31
136
47
150
206
166
46
207
91
239
227
120
133
179
125
71
59
121
116
203
101
60
155
97
101
-1
-1
-1
-1
-1
-1
-1
-1
-1
-1
-1
-1
103
223
151
191
29
70
88
2
143
126
137
68
98
19
29
138
102
164
191
197
26
66
139
134
101
93
128
146
60
61
16
96
213
158
189
122
190
165
197
168
198
10
68
55
104
76
188
46
220
13
69
78
79
63
104
166
78
164
139
69
31
136
47
150
206
166
46
207
91
239
227
120
133
179
125
71
59
121
116
203
101
60
155
97
101
-1
-1
-1
-1
-1
-1
-1
-1
-1
-1
-1
13
103
147
197
234
28
87
53
159
166
160
179
193
155
32
149
206
216
89
19
36
110
223
29
5
176
43
198
119
234
156
160
191
119
110
30
172
29
234
193
199
121
218
153
18
40
168
51
126
58
238
97
58
144
140
117
76
177
147
196
167
63
92
194
195
114
131
122
162
222
30
150
236
118
137
150
16
229
26
155
163
174
36
135
158
69
89
92
46
-1
-1
-1
-1
-1
-1
-1
-1
13
103
147
197
234
28
87
53
159
166
160
179
193
155
32
149
206
216
89
19
36
110
223
29
5
176
43
198
119
234
156
160
191
119
110
30
172
29
234
193
199
121
218
153
18
40
168
51
126
58
238
97
58
144
140
117
76
177
147
196
167
63
92
194
195
114
131
122
162
222
30
150
236
118
137
150
16
229
26
155
163
174
36
135
158
69
89
92
46
-1
-1
-1
-1
-1
-1
-1
24
112
89
36
40
82
172
1
33
113
163
227
145
146
143
193
112
145
191
237
231
191
210
32
163
12
119
184
239
123
151
151
46
29
118
181
206
47
23
226
36
66
69
124
130
180
167
206
56
174
77
221
127
202
29
185
160
68
135
139
25
184
236
30
156
237
203
19
189
112
199
43
161
71
120
185
163
124
57
-1
-1
-1
-1
-1
-1
-1
-1
-1
-1
-1
-1
-1
-1
-1
-1
-1
-1
24
112
89
36
40
82
172
1
33
113
163
227
145
146
143
193
112
145
191
237
231
191
210
32
163
12
119
184
239
123
151
151
46
29
118
181
206
47
23
226
36
66
69
124
130
180
167
206
56
174
77
221
127
202
29
185
160
68
135
139
25
184
236
30
156
237
203
19
189
112
199
43
161
71
120
185
163
124
57
-1
-1
-1
-1
-1
-1
-1
-1
-1
-1
-1
-1
-1
-1
-1
-1
-1
43
8
192
80
119
127
34
215
4
225
41
80
239
222
2
8
14
205
231
238
16
196
135
40
22
51
36
26
175
198
139
47
33
29
149
149
127
109
114
131
140
231
166
43
95
185
163
180
127
167
235
84
132
138
11
200
141
51
54
75
25
167
168
116
185
237
70
122
34
131
136
25
66
131
193
142
92
95
1
21
47
57
78
145
107
14
82
208
201
10
72
66
197
-1
-1
-1
-1
43
8
192
80
119
127
34
215
4
225
41
80
239
222
2
8
14
205
231
238
16
196
135
40
22
51
36
26
175
198
139
47
33
29
149
149
127
109
114
131
140
231
166
43
95
185
163
180
127
167
235
84
132
138
11
200
141
51
54
75
25
167
168
116
185
237
70
122
34
131
136
25
66
131
193
142
92
95
1
21
47
57
78
145
107
14
82
208
201
10
72
66
197
-1
-1
-1
163
227
165
15
35
110
148
33
219
164
27
128
216
24
67
11
119
35
159
69
64
119
227
143
79
123
22
211
199
229
109
181
17
27
153
131
225
118
127
223
181
170
88
115
183
150
229
76
237
92
144
97
15
77
79
8
66
42
117
122
112
40
196
136
186
1
195
21
152
166
223
237
59
202
181
8
13
182
173
148
124
46
152
100
-1
-1
-1
-1
-1
-1
-1
-1
-1
-1
-1
-1
-1
163
227
165
15
35
110
148
33
219
164
27
128
216
24
67
11
119
35
159
69
64
119
227
143
79
123
22
211
199
229
109
181
17
27
153
131
225
118
127
223
181
170
88
115
183
150
229
76
237
92
144
97
15
77
79
8
66
42
117
122
112
40
196
136
186
1
195
21
152
166
223
237
59
202
181
8
13
182
173
148
124
46
152
100
-1
-1
-1
-1
-1
-1
-1
-1
-1
-1
-1
-1
215
32
211
59
130
20
47
21
199
55
153
87
58
97
26
149
175
97
163
101
234
225
102
74
217
167
159
30
84
211
54
27
92
19
185
91
21
69
121
155
165
119
0
133
127
30
73
20
195
209
163
174
24
230
32
153
159
95
229
222
60
125
11
163
105
230
226
59
86
159
70
22
211
136
213
163
95
92
27
140
176
-1
-1
-1
-1
-1
-1
-1
-1
-1
-1
-1
-1
-1
-1
-1
-1
215
32
211
59
130
20
47
21
199
55
153
87
58
97
26
149
175
97
163
101
234
225
102
74
217
167
159
30
84
211
54
27
92
19
185
91
21
69
121
155
165
119
0
133
127
30
73
20
195
209
163
174
24
230
32
153
159
95
229
222
60
125
11
163
105
230
226
59
86
159
70
22
211
136
213
163
95
92
27
140
176
-1
-1
-1
-1
-1
-1
-1
-1
-1
-1
-1
-1
-1
-1
-1
103
211
27
202
172
135
106
237
229
123
25
37
183
217
69
228
179
57
213
225
170
140
228
228
227
32
95
180
190
99
11
161
217
24
199
172
40
133
109
137
209
19
155
183
134
133
30
234
49
218
223
8
44
142
188
48
169
97
44
170
149
91
163
237
11
58
223
71
123
165
8
110
57
32
207
224
1
66
221
57
182
161
54
210
86
208
20
93
0
128
71
153
176
208
143
21
-1
103
211
27
202
172
135
106
237
229
123
25
37
183
217
69
228
179
57
213
225
170
140
228
228
227
32
95
180
190
99
11
161
217
24
199
172
40
133
109
137
209
19
155
183
134
133
30
234
49
218
223
8
44
142
188
48
169
97
44
170
149
91
163
237
11
58
223
71
123
165
8
110
57
32
207
224
1
66
221
57
182
161
54
210
86
208
20
93
0
128
71
153
176
208
143
21
16
46
208
138
154
171
6
91
210
186
40
210
64
26
203
218
239
111
197
123
155
190
137
149
75
91
155
101
11
220
94
182
195
77
90
37
107
133
137
40
30
27
34
229
139
19
5
216
72
162
12
180
162
56
29
22
171
229
176
238
205
77
49
113
20
73
205
159
96
215
158
174
0
121
186
78
192
128
120
39
130
192
12
70
162
201
90
133
-1
-1
-1
-1
-1
-1
-1
-1
-1
16
46
208
138
154
171
6
91
210
186
40
210
64
26
203
218
239
111
197
123
155
190
137
149
75
91
155
101
11
220
94
182
195
77
90
37
107
133
137
40
30
27
34
229
139
19
5
216
72
162
12
180
162
56
29
22
171
229
176
238
205
77
49
113
20
73
205
159
96
215
158
174
0
121
186
78
192
128
120
39
130
192
12
70
162
201
90
133
-1
-1
-1
-1
-1
-1
-1
-1
22
84
54
20
40
208
142
157
23
203
30
153
133
108
112
104
101
122
62
103
51
153
190
176
105
101
219
109
65
118
220
171
155
63
166
36
193
161
111
229
13
215
211
114
147
50
105
208
37
40
162
6
199
149
117
181
232
181
98
217
238
112
26
8
43
128
47
134
236
141
27
9
79
0
26
99
88
223
130
93
164
-1
-1
-1
-1
-1
-1
-1
-1
-1
-1
-1
-1
-1
-1
-1
-1
22
84
54
20
40
208
142
157
23
203
30
153
133
108
112
104
101
122
62
103
51
153
190
176
105
101
219
109
65
118
220
171
155
63
166
36
193
161
111
229
13
215
211
114
147
50
105
208
37
40
162
6
199
149
117
181
232
181
98
217
238
112
26
8
43
128
47
134
236
141
27
9
79
0
26
99
88
223
130
93
164
-1
-1
-1
-1
-1
-1
-1
-1
-1
-1
-1
-1
-1
-1
-1
20
133
59
150
2
13
119
96
203
135
8
178
114
74
114
60
211
13
88
183
198
154
144
183
108
112
22
223
219
199
34
206
174
91
139
8
191
201
98
33
13
72
217
223
216
148
150
195
22
134
207
199
72
1
23
68
42
193
92
91
98
34
72
186
53
28
-1
-1
-1
-1
-1
-1
-1
-1
-1
-1
-1
-1
-1
-1
-1
-1
-1
-1
-1
-1
-1
-1
-1
-1
-1
-1
-1
-1
-1
-1
-1
20
133
59
150
2
13
119
96
203
135
8
178
114
74
114
60
211
13
88
183
198
154
144
183
108
112
22
223
219
199
34
206
174
91
139
8
191
201
98
33
13
72
217
223
216
148
150
195
22
134
207
199
72
1
23
68
42
193
92
91
98
34
72
186
53
28
-1
-1
-1
-1
-1
-1
-1
-1
-1
-1
-1
-1
-1
-1
-1
-1
-1
-1
-1
-1
-1
-1
-1
-1
-1
-1
-1
-1
-1
-1
16
66
106
4
101
20
142
81
2
170
232
87
198
33
71
179
108
15
202
123
10
108
124
52
48
61
204
107
15
64
37
20
159
162
235
186
193
129
167
199
181
192
18
233
221
16
221
112
182
54
53
229
185
10
197
215
237
135
188
8
3
149
184
162
239
230
185
56
160
144
19
31
191
70
82
124
48
169
29
107
192
70
221
223
152
173
83
77
212
-1
-1
-1
-1
-1
-1
-1
-1
16
66
106
4
101
20
142
81
2
170
232
87
198
33
71
179
108
15
202
123
10
108
124
52
48
61
204
107
15
64
37
20
159
162
235
186
193
129
167
199
181
192
18
233
221
16
221
112
182
54
53
229
185
10
197
215
237
135
188
8
3
149
184
162
239
230
185
56
160
144
19
31
191
70
82
124
48
169
29
107
192
70
221
223
152
173
83
77
212
-1
-1
-1
-1
-1
-1
-1
32
28
155
149
59
181
23
218
78
229
122
32
198
109
213
136
228
129
179
5
145
238
159
65
3
28
237
56
179
131
188
68
170
129
152
169
211
215
188
137
176
172
43
16
102
188
13
56
74
194
118
35
3
130
214
52
222
102
198
193
191
2
112
122
199
133
76
127
42
38
183
85
66
48
228
43
2
126
-1
-1
-1
-1
-1
-1
-1
-1
-1
-1
-1
-1
-1
-1
-1
-1
-1
-1
-1
32
28
155
149
59
181
23
218
78
229
122
32
198
109
213
136
228
129
179
5
145
238
159
65
3
28
237
56
179
131
188
68
170
129
152
169
211
215
188
137
176
172
43
16
102
188
13
56
74
194
118
35
3
130
214
52
222
102
198
193
191
2
112
122
199
133
76
127
42
38
183
85
66
48
228
43
2
126
-1
-1
-1
-1
-1
-1
-1
-1
-1
-1
-1
-1
-1
-1
-1
-1
-1
-1
38
58
6
39
12
181
22
12
230
169
129
128
130
181
104
133
52
71
52
66
10
29
34
150
193
108
73
112
238
47
19
32
80
222
133
17
119
223
79
111
189
167
166
120
70
160
164
216
143
210
68
93
132
89
226
129
26
200
197
31
171
42
208
111
169
233
17
24
160
45
70
131
201
124
156
160
6
98
211
-1
-1
-1
-1
-1
-1
-1
-1
-1
-1
-1
-1
-1
-1
-1
-1
-1
-1
38
58
6
39
12
181
22
12
230
169
129
128
130
181
104
133
52
71
52
66
10
29
34
150
193
108
73
112
238
47
19
32
80
222
133
17
119
223
79
111
189
167
166
120
70
160
164
216
143
210
68
93
132
89
226
129
26
200
197
31
171
42
208
111
169
233
17
24
160
45
70
131
201
124
156
160
6
98
211
-1
-1
-1
-1
-1
-1
-1
-1
-1
-1
-1
-1
-1
-1
-1
-1
-1
223
211
149
51
182
23
34
170
198
143
59
10
68
9
89
226
238
150
220
180
8
117
27
192
206
31
79
150
223
103
55
165
12
184
163
132
212
36
83
131
109
223
91
210
92
10
119
54
179
69
1
69
23
132
22
35
210
63
107
49
78
165
82
231
160
224
172
29
227
159
237
11
32
111
200
56
93
121
74
33
138
-1
-1
-1
-1
-1
-1
-1
-1
-1
-1
-1
-1
-1
-1
-1
-1
223
211
149
51
182
23
34
170
198
143
59
10
68
9
89
226
238
150
220
180
8
117
27
192
206
31
79
150
223
103
55
165
12
184
163
132
212
36
83
131
109
223
91
210
92
10
119
54
179
69
1
69
23
132
22
35
210
63
107
49
78
165
82
231
160
224
172
29
227
159
237
11
32
111
200
56
93
121
74
33
138
-1
-1
-1
-1
-1
-1
-1
-1
-1
-1
-1
-1
-1
-1
-1
22
131
121
178
119
100
92
223
164
231
135
56
18
210
226
20
90
30
135
84
46
216
212
239
194
50
217
145
29
163
109
21
138
71
134
70
182
85
173
6
74
231
20
58
0
179
150
57
49
122
91
163
13
103
189
10
39
131
3
205
7
149
9
90
187
133
10
227
31
171
158
133
74
175
109
28
214
-1
-1
-1
-1
-1
-1
-1
-1
-1
-1
-1
-1
-1
-1
-1
-1
-1
-1
-1
-1
22
131
121
178
119
100
92
223
164
231
135
56
18
210
226
20
90
30
135
84
46
216
212
239
194
50
217
145
29
163
109
21
138
71
134
70
182
85
173
6
74
231
20
58
0
179
150
57
49
122
91
163
13
103
189
10
39
131
3
205
7
149
9
90
187
133
10
227
31
171
158
133
74
175
109
28
214
-1
-1
-1
-1
-1
-1
-1
-1
-1
-1
-1
-1
-1
-1
-1
-1
-1
-1
-1
38
26
230
86
2
109
116
81
157
131
41
42
232
72
156
217
160
193
144
29
39
43
6
148
223
148
10
235
209
128
163
32
148
40
173
132
207
88
139
44
150
26
61
98
176
16
73
149
88
176
123
141
89
143
214
5
147
190
93
133
161
6
161
23
95
47
193
148
221
160
66
129
143
180
149
49
78
216
123
67
131
231
150
157
51
-1
-1
-1
-1
-1
-1
-1
-1
-1
-1
-1
-1
38
26
230
86
2
109
116
81
157
131
41
42
232
72
156
217
160
193
144
29
39
43
6
148
223
148
10
235
209
128
163
32
148
40
173
132
207
88
139
44
150
26
61
98
176
16
73
149
88
176
123
141
89
143
214
5
147
190
93
133
161
6
161
23
95
47
193
148
221
160
66
129
143
180
149
49
78
216
123
67
131
231
150
157
51
-1
-1
-1
-1
-1
-1
-1
-1
-1
-1
-1
223
22
49
181
142
214
37
105
209
191
103
170
135
121
26
17
6
131
61
52
42
145
231
86
89
185
197
172
21
155
81
5
112
148
11
169
15
229
236
184
216
103
86
14
158
151
228
10
19
150
216
54
31
186
187
39
162
161
48
205
142
131
236
106
137
31
232
1
0
90
34
129
211
158
193
189
27
167
21
29
10
160
210
48
74
157
204
179
133
166
-1
-1
-1
-1
-1
-1
-1
223
22
49
181
142
214
37
105
209
191
103
170
135
121
26
17
6
131
61
52
42
145
231
86
89
185
197
172
21
155
81
5
112
148
11
169
15
229
236
184
216
103
86
14
158
151
228
10
19
150
216
54
31
186
187
39
162
161
48
205
142
131
236
106
137
31
232
1
0
90
34
129
211
158
193
189
27
167
21
29
10
160
210
48
74
157
204
179
133
166
-1
-1
-1
-1
-1
-1
73
161
29
149
17
26
179
172
157
69
239
165
224
141
204
141
99
109
107
224
23
234
222
25
174
215
193
28
192
215
122
188
29
199
162
42
145
127
136
72
48
207
149
170
122
42
98
132
17
177
30
201
18
235
111
158
20
172
98
119
1
174
102
92
223
193
129
235
151
4
86
20
171
157
65
175
20
127
220
111
212
133
142
16
185
15
184
122
-1
-1
-1
-1
-1
-1
-1
-1
-1
73
161
29
149
17
26
179
172
157
69
239
165
224
141
204
141
99
109
107
224
23
234
222
25
174
215
193
28
192
215
122
188
29
199
162
42
145
127
136
72
48
207
149
170
122
42
98
132
17
177
30
201
18
235
111
158
20
172
98
119
1
174
102
92
223
193
129
235
151
4
86
20
171
157
65
175
20
127
220
111
212
133
142
16
185
15
184
122
-1
-1
-1
-1
-1
-1
-1
-1
103
175
43
233
184
27
200
59
13
45
227
57
37
216
200
113
26
195
199
92
1
139
19
4
136
111
92
81
48
31
170
8
144
25
9
123
121
230
179
234
199
4
20
125
25
142
205
42
209
29
89
29
103
151
203
72
169
2
131
84
237
152
154
209
67
23
39
93
157
237
134
121
64
234
119
66
174
132
171
216
193
42
196
163
175
11
-1
-1
-1
-1
-1
-1
-1
-1
-1
-1
-1
103
175
43
233
184
27
200
59
13
45
227
57
37
216
200
113
26
195
199
92
1
139
19
4
136
111
92
81
48
31
170
8
144
25
9
123
121
230
179
234
199
4
20
125
25
142
205
42
209
29
89
29
103
151
203
72
169
2
131
84
237
152
154
209
67
23
39
93
157
237
134
121
64
234
119
66
174
132
171
216
193
42
196
163
175
11
-1
-1
-1
-1
-1
-1
-1
-1
-1
-1
