0.3577510914
0.6349262421
0.3755510177
0.9287231840
0.3592945041
1.3479556002
0.6140138747
1.3267213078
0.5207075012
0.8987487461
0.5284898770
0.6642199841
0.4587110484
1.0864640563
0.4648623371
1.3517194697
0.4789056958
0.4336932434
0.3563754737
-0.6004602160
0.3738735703
-0.3577187257
0.4326211392
0.4313528011
0.6216208349
0.4363921873
0.6223264288
-0.3086678402
0.6043599167
-0.8192786021
0.4652153141
0.7272847711
0.4868026094
1.0005270619
0.4155621478
1.5110830892
0.6011875960
1.8036555602
0.5559520999
1.1101297638
0.6044860452
0.7748951378
0.4305611321
1.3885628748
0.4713643560
1.7572445513
0.4026029857
0.5023708908
0.3435341838
-0.5951270729
0.3910118379
-0.6195697767
0.3719813118
0.5023708908
0.4518295434
0.4942427777
0.6139026069
-0.1887622869
0.5707598807
-0.6110521105
0.8150600170
0.9094973790
0.7873462233
0.9770133801
0.7909932087
1.0643410268
0.8383784833
1.0918388814
0.8571248744
1.0162664023
0.8785170678
0.9321934425
0.8365228401
1.0408470025
0.8139968183
1.0856925740
0.8224729819
0.9442806684
0.8110484614
0.7448026996
0.8164024690
0.8420299357
0.8104209101
0.9481415561
0.8348889268
0.9366524615
0.8608804033
0.8266146438
0.8608804033
0.7448026996
0.7974967831
0.8747922209
0.8031183094
0.9618937956
0.7866077900
1.0355826711
0.8768685959
1.0556337033
0.8660122638
0.9619539253
0.8669123425
0.8818211197
0.8286991166
0.9951391232
0.8419992607
1.0475208314
0.8173868754
0.9110300111
0.8345712429
0.7537791095
0.8383097465
0.8164093610
0.8112025298
0.9094769180
0.8233644992
0.9122764325
0.8848363871
0.7991201876
0.8875220779
0.7514261172
0.8166522771
0.8782497145
0.8308796054
0.9433403514
0.8388000394
1.0301400460
0.8929514612
1.0508716740
0.8862883101
0.9648720033
0.8861304793
0.8953046133
0.8462320608
1.0338506649
0.8798866903
1.0404025928
0.8507031389
0.9201841342
0.8672019029
0.7774550274
0.8786814220
0.8327607077
0.8458374488
0.9201841342
0.8556251327
0.9201841342
0.9161920941
0.8190289955
0.8995799822
0.7719031877
0.5197956314
0.5264094607
0.5184399217
0.6668995998
0.5013294706
1.1198737970
0.6171859740
1.2927438035
0.6073645339
0.8208300963
0.6300538004
0.6665369119
0.5099896976
1.1149152262
0.5084079212
1.2289896217
0.4899323404
0.4329181442
0.5607920719
-0.6592122956
0.5715591562
-0.2814823873
0.5085758082
0.4397983979
0.5171564523
0.4246196054
0.5334118954
-0.1943342572
0.4478077972
-0.5105873209
0.5313440421
0.6075981918
0.4978682498
0.7368894568
0.5438883863
1.1651295941
0.6087369955
1.0042379059
0.5996432566
0.6862815404
0.6296049677
0.5894081285
0.5342910770
0.9760963870
0.5487598393
1.1355569257
0.5743692850
0.4831932620
0.5677984505
-0.4305384164
0.5913372558
-0.2856858489
0.5622491145
0.4610251359
0.5970362439
0.5009707558
0.5916725670
-0.1969920933
0.5688767759
-0.6664677832
0.4965036955
0.6552280855
0.5200454665
0.8169055954
0.5710680567
1.0897863478
0.7063106434
1.0812543985
0.7661065293
0.7434880319
0.7307899391
0.5899828254
0.6325885910
1.0061432399
0.6400272150
1.0812543985
0.6697130476
0.4647311353
0.5832989181
-0.4417956873
0.6222512359
-0.2143159622
0.6299070607
0.5111631452
0.7088013079
0.4677550969
0.7295195758
-0.1897585050
0.6415370345
-0.3150774186
-0.0602258469
