0.4030998213
0.5285638650
0.4952553349
1.0569345791
0.6825647572
1.0612129272
0.6720587742
1.1447622820
0.4386541112
0.8765782237
0.3055910399
0.6270001169
0.7064897898
0.6600365256
0.9829465897
1.1388726305
0.9479934822
1.7122932991
0.6772868002
0.8156321845
0.7743715851
1.2590100402
0.8199525916
1.5985710728
0.9287409956
1.8434351366
0.8829955987
1.1462784002
0.7506096550
0.9046397571
0.3913483189
0.5314077706
0.4686427046
0.9849150343
0.6033570204
1.1380052729
0.5868257934
1.4606861035
0.4618401826
1.1142672540
0.3915256162
0.5721623522
0.5286554672
0.8594893185
0.6954250407
1.4031956504
0.6875133180
2.0055238564
0.6149169780
0.8453015782
0.6935908434
1.5773233554
0.7610870829
2.0055238564
0.5871355733
1.9730754702
0.7941986551
1.1130740040
0.6453915822
0.7850001008
0.1294245343
0.1511139108
0.1250238218
0.1623317628
0.1256029317
0.1768413398
0.1331273066
0.1814101362
0.1361040726
0.1688536922
0.1395009693
0.1548848848
0.1328326464
0.1729377838
0.1292557075
0.1803889210
0.1306016495
0.1568931896
0.1287875337
0.1237497230
0.1296377042
0.1399041268
0.1286878840
0.1575346800
0.1325731950
0.1556257553
0.1367004183
0.1373428604
0.1367004183
0.1237497230
0.1308941863
0.1451620074
0.1318168547
0.1596155418
0.1291069617
0.1718433884
0.1439215854
0.1751706334
0.1421397214
0.1596255196
0.1422874525
0.1463283747
0.1360154659
0.1651322329
0.1381984359
0.1738243929
0.1341587731
0.1511752643
0.1369792657
0.1250812319
0.1375928712
0.1354740233
0.1331437284
0.1509175459
0.1351398882
0.1513820941
0.1452293493
0.1326050779
0.1456701553
0.1246907791
0.1020467813
0.1219070125
0.1038245918
0.1309420341
0.1048143090
0.1429904199
0.1115809323
0.1458681104
0.1107483220
0.1339307733
0.1107285998
0.1242743481
0.1057429954
0.1435054790
0.1099483919
0.1444149310
0.1063016899
0.1277277942
0.1083633333
0.1079160268
0.1097977847
0.1155928301
0.1056936857
0.1277277942
0.1069167297
0.1277277942
0.1144850224
0.1136867754
0.1124092153
0.1071453939
0.2699881339
0.3723838882
0.2908075467
0.5571405059
0.3371224376
0.7703518899
0.4165515196
0.9241442677
0.3388550606
0.7159583316
0.3323096178
0.4935562875
0.3886307175
0.6446109583
0.4449089504
0.8622974809
0.3709244998
0.9769396633
0.3598670374
0.8045816383
0.3877547550
0.9144447396
0.3419952870
0.9052374583
0.3683531287
1.0603919595
0.4428580387
0.8279778472
0.3725224731
0.7180134201
0.2532365605
0.3417868117
0.2513624624
0.5270781239
0.3012076839
0.8522021510
0.3587823313
0.7236278691
0.3263173210
0.5886574603
0.3286433877
0.4099946670
0.3348631260
0.5830817913
0.3835546019
0.8434903707
0.3738375721
1.1676462618
0.3578739993
0.6390267610
0.3698548460
0.8913077683
0.3261911080
1.1526704135
0.4309396683
1.1713854396
0.3754117847
0.8298204046
0.3476026605
0.7135854506
0.2582944934
0.3780840927
0.2705415519
0.6005203984
0.2630089887
0.7828567835
0.2528038033
0.7084658037
0.2742060397
0.6110829458
0.2639180309
0.4008571648
0.2264170917
0.5580354189
0.2578054429
0.7084658037
0.2917108245
0.8786903388
0.3040930783
0.6002616712
0.3116002907
0.7062560346
0.2969190338
0.8368105931
0.2884010866
0.8392823701
0.2838857475
0.6308268363
0.2496481611
0.4739220868
0.0188205772
